       111111
      10000001
     1000000001
    10000110001
    100001110001
    110001110001
   1001000000001
 110000100000001
1000000100000001
 10011000001            1
  1111100000001           11
      10000001011111     101
       100000000000011111001
      1000000000000000000001
     10000000000000000000001
    100000000011100000000001
    10000000000001000000001
    10000000000000110000001
    10000000000000010000001
    10000000000000100000001
    10000000000001000000001
    1000000000111000000001
     10000000000000000011
      10000000000000001
       100000000000001
        1111111111111
